point4:
 x:
nan nan nan nan nan nan nan nan nan nan nan nan nan nan nan nan nan nan nan nan nan nan nan nan nan nan nan nan nan nan nan nan nan nan nan nan nan nan nan nan nan 0.5218165516853333 0.5161502957344055 nan 0.4937334656715393 0.4888829290866852 0.4839949309825897 nan nan 0.6532649397850037 nan 0.4310886263847351 nan 0.6697108149528503 0.622453510761261 0.475907564163208 0.4914339780807495 0.5075359344482422 nan nan 0.5146859288215637 0.5208390951156616 nan 0.5125207901000977 nan 0.6229808330535889 0.5323969125747681 nan 0.639958381652832 0.48748937249183655 0.6269497275352478 0.46715420484542847 0.45984727144241333 0.46563848853111267 0.45984047651290894 0.46181976795196533 0.46422091126441956 0.4676370918750763 0.4722207486629486 0.4793086647987366 0.4984911382198334 0.5020102858543396 nan nan 0.5078837275505066 0.4633549153804779 nan nan nan 0.5318418741226196 0.5324460864067078 0.5237628221511841 nan 0.4916592836380005 0.48027002811431885 nan nan 0.4717079699039459 0.6385849714279175 0.48519620299339294 0.49658164381980896 0.5128446817398071 0.5304993391036987 0.5375720262527466 nan 0.5188913345336914 0.47212255001068115 0.5211614966392517 0.5270177125930786 nan nan 0.5485667586326599 0.5454256534576416 0.5433656573295593 0.5346136093139648 nan 0.48020869493484497 0.4477597177028656 0.44295534491539 nan 0.4372316300868988 0.43900877237319946 0.4417984187602997 0.44182583689689636 0.43679216504096985 0.43752095103263855 0.4378852844238281 0.4375613033771515 0.4370884299278259 0.43448805809020996 0.4348626136779785 0.43551504611968994 0.4342840015888214 0.4348844289779663
 y:
nan nan nan nan nan nan nan nan nan nan nan nan nan nan nan nan nan nan nan nan nan nan nan nan nan nan nan nan nan nan nan nan nan nan nan nan nan nan nan nan nan 0.7357867360115051 0.5995571613311768 nan 0.5467482209205627 0.5212476849555969 0.5138355493545532 nan nan 0.7263853549957275 nan 0.6792783737182617 nan 0.6559407114982605 0.5910447835922241 0.45366036891937256 0.4605889320373535 0.4751574695110321 nan nan 0.6817085146903992 0.7171376347541809 nan 0.6600524187088013 nan 0.6654476523399353 0.5325738787651062 nan 0.5321802496910095 0.5151000618934631 0.6208767294883728 0.6728394031524658 0.6885926723480225 0.6487349271774292 0.6433953642845154 0.4874136447906494 0.44316983222961426 0.41833850741386414 0.3953452706336975 0.3810461163520813 0.38438454270362854 0.4110759496688843 nan nan 0.7178011536598206 0.6867347955703735 nan nan nan 0.5135867595672607 0.4273051917552948 0.41636383533477783 nan 0.48566755652427673 0.5768039226531982 nan nan 0.5498620867729187 0.5781582593917847 0.4632028341293335 0.4235246479511261 0.3982012867927551 0.39020952582359314 0.40095341205596924 nan 0.7546952962875366 0.730072021484375 0.7345553636550903 0.7090145945549011 nan nan 0.4345041811466217 0.40908581018447876 0.4249005615711212 0.3933826684951782 nan 0.4787812829017639 0.651136040687561 0.6627954840660095 nan 0.6698614358901978 0.6663177013397217 0.6705567240715027 0.6703166961669922 0.6724891662597656 0.6718603372573853 0.6725490689277649 0.6743965744972229 0.6753034591674805 0.6766268610954285 0.6763092279434204 0.6775603294372559 0.6782444715499878 0.6774442791938782
point20:
 x:
nan nan nan nan nan nan nan nan nan nan nan nan nan nan nan nan nan nan nan nan nan nan nan nan nan nan nan nan nan nan nan nan nan nan nan nan nan nan nan nan nan 0.552520215511322 0.5538851618766785 nan 0.5558444857597351 0.5560874938964844 0.5539876818656921 nan nan 0.5864521861076355 nan 0.5045867562294006 nan 0.6123753190040588 0.6401010751724243 0.4973585307598114 0.48544174432754517 0.47644880414009094 nan nan 0.4609277546405792 0.4641234278678894 nan 0.4916841685771942 nan 0.5821227431297302 0.5007488131523132 nan 0.592404842376709 0.5243775844573975 0.6095482707023621 0.5204166769981384 0.5280564427375793 0.5265443325042725 0.5197004675865173 0.5200217366218567 0.5207691192626953 0.5216833353042603 0.5188387632369995 0.513451337814331 0.5000270009040833 0.4885631501674652 nan nan 0.473473459482193 0.5104192495346069 nan nan nan 0.4927953779697418 0.5077779293060303 0.5113226175308228 nan 0.5298457145690918 0.5367598533630371 nan nan 0.5330954790115356 0.6440009474754333 0.5372843742370605 0.5391858816146851 0.5364944934844971 0.5275461673736572 0.5141451358795166 nan 0.45559725165367126 0.49032285809516907 0.4632789194583893 0.4652829170227051 nan nan 0.5098086595535278 0.5201094150543213 0.5309097170829773 0.5428893566131592 nan 0.5426763296127319 0.5202308893203735 0.5116146802902222 nan 0.5107619762420654 0.5110646486282349 0.5121766328811646 0.5111643075942993 0.5102646946907043 0.5099173188209534 0.5101010203361511 0.5103769898414612 0.5100058913230896 0.5085750818252563 0.5077629089355469 0.5077005624771118 0.506923496723175 0.5066077709197998
 y:
nan nan nan nan nan nan nan nan nan nan nan nan nan nan nan nan nan nan nan nan nan nan nan nan nan nan nan nan nan nan nan nan nan nan nan nan nan nan nan nan nan 0.821035623550415 0.7078208923339844 nan 0.6331587433815002 0.5972291231155396 0.5660718083381653 nan nan 0.7464787364006042 nan 0.6988655924797058 nan 0.6881150007247925 0.5154255032539368 0.5474206805229187 0.509469211101532 0.5190626978874207 nan nan 0.6743313074111938 0.7067469954490662 nan 0.6593328714370728 nan 0.631441056728363 0.537587583065033 nan 0.580946147441864 0.5735456347465515 0.6629809737205505 0.7441360354423523 0.7303953170776367 0.6955836415290833 0.6929180026054382 0.5056744813919067 0.4691982567310333 0.43550118803977966 0.42291006445884705 0.4158000648021698 0.42338287830352783 0.43987345695495605 nan nan 0.7025269269943237 0.6921941637992859 nan nan nan 0.4791404604911804 0.4047585129737854 0.45015400648117065 nan 0.5310792326927185 0.6262838244438171 nan nan 0.6009851098060608 0.6023615002632141 0.5169352293014526 0.4830872714519501 0.4705585837364197 0.46721944212913513 0.463567316532135 nan 0.7248551845550537 0.7395005822181702 0.7073103189468384 0.6955751776695251 nan nan 0.43778783082962036 0.4312294125556946 0.4258427619934082 0.4382685720920563 nan 0.49750813841819763 0.684730589389801 0.7198935747146606 nan 0.7122191786766052 0.7155045866966248 0.7201576232910156 0.7240841388702393 0.7254403233528137 0.7254317998886108 0.7252508401870728 0.7254826426506042 0.7271886467933655 0.7324960827827454 0.7343171238899231 0.7351864576339722 0.7376101613044739 0.7406117916107178
